_viz_0 = nengo_gui.components.XYValue(teacher)
_viz_config[_viz_0].index_x = 0
_viz_config[_viz_0].index_y = 1
_viz_config[_viz_0].max_value = 1
_viz_config[_viz_0].min_value = -1
_viz_config[_viz_0].height = 0.19083969465648856
_viz_config[_viz_0].label_visible = True
_viz_config[_viz_0].width = 0.13386880856760375
_viz_config[_viz_0].y = 1.0916989781493607
_viz_config[_viz_0].x = 1.014967276513461
_viz_1 = nengo_gui.components.XYValue(student)
_viz_config[_viz_1].index_x = 0
_viz_config[_viz_1].index_y = 1
_viz_config[_viz_1].max_value = 1
_viz_config[_viz_1].min_value = -1
_viz_config[_viz_1].height = 0.19083969465648856
_viz_config[_viz_1].label_visible = True
_viz_config[_viz_1].width = 0.13386880856760375
_viz_config[_viz_1].y = 0.010800365523647909
_viz_config[_viz_1].x = 0.9951596509494801
_viz_2 = nengo_gui.components.HTMLView(teach_x)
_viz_config[_viz_2].label_visible = True
_viz_config[_viz_2].width = 0.21257870990133376
_viz_config[_viz_2].height = 0.30304636697766474
_viz_config[_viz_2].y = 0.8946969933288657
_viz_config[_viz_2].x = -0.16481278191934026
_viz_3 = nengo_gui.components.HTMLView(learn_x)
_viz_config[_viz_3].label_visible = True
_viz_config[_viz_3].width = 0.21257870990133376
_viz_config[_viz_3].height = 0.30304636697766474
_viz_config[_viz_3].y = 0.23465491567118266
_viz_config[_viz_3].x = -0.17912931160467124
_viz_ace_editor = nengo_gui.components.AceEditor()
_viz_net_graph = nengo_gui.components.NetGraph()
_viz_sim_control = nengo_gui.components.SimControl()
_viz_config[_viz_sim_control].kept_time = 4.0
_viz_config[_viz_sim_control].shown_time = 0.5
_viz_config[error].pos=(0.9047474684053092, 0.4870219572798476)
_viz_config[error].size=(0.1, 0.1)
_viz_config[learn_x].pos=(0.3703792764027991, 1.2272965015854498)
_viz_config[learn_x].size=(0.1, 0.1)
_viz_config[model].pos=(0.42065174277356365, 0.20897830081990398)
_viz_config[model].size=(0.629737609329446, 0.629737609329446)
_viz_config[model].expanded=True
_viz_config[model].has_layout=True
_viz_config[student].pos=(0.7378836332986269, 0.043498071408377206)
_viz_config[student].size=(0.33333333333333337, 0.14285714285714285)
_viz_config[teach_x].pos=(0.5041904905267878, 1.1366222513107709)
_viz_config[teach_x].size=(0.1, 0.1)
_viz_config[teacher].pos=(0.7968664782587145, 1.102856537016843)
_viz_config[teacher].size=(0.33333333333333337, 0.14285714285714285)