_viz_0 = nengo_gui.components.Value(a)
_viz_config[_viz_0].max_value = 1
_viz_config[_viz_0].min_value = -1
_viz_config[_viz_0].show_legend = False
_viz_config[_viz_0].legend_labels = ['label_0']
_viz_config[_viz_0].synapse = 0.01
_viz_config[_viz_0].x = 0.8400460852105783
_viz_config[_viz_0].y = 0.19684691492322248
_viz_config[_viz_0].width = 0.1402524544179523
_viz_config[_viz_0].height = 0.16891891891891891
_viz_config[_viz_0].label_visible = True
_viz_1 = nengo_gui.components.Slider(target)
_viz_config[_viz_1].max_value = 1
_viz_config[_viz_1].min_value = -1
_viz_config[_viz_1].x = 0.1063295786399668
_viz_config[_viz_1].y = 0.7208075495049505
_viz_config[_viz_1].width = 0.05191489361702128
_viz_config[_viz_1].height = 0.12376235735298384
_viz_config[_viz_1].label_visible = True
_viz_2 = nengo_gui.components.Slider(active)
_viz_config[_viz_2].max_value = 1
_viz_config[_viz_2].min_value = -1
_viz_config[_viz_2].x = 0.10881188787571783
_viz_config[_viz_2].y = 0.22316522277227718
_viz_config[_viz_2].width = 0.0425531914893617
_viz_config[_viz_2].height = 0.12376237623762376
_viz_config[_viz_2].label_visible = True
_viz_net_graph = nengo_gui.components.NetGraph()
_viz_progress = nengo_gui.components.Progress()
_viz_config[_viz_progress].x = 0
_viz_config[_viz_progress].y = 0
_viz_config[_viz_progress].width = 100
_viz_config[_viz_progress].height = 100
_viz_config[_viz_progress].label_visible = True
_viz_sim_control = nengo_gui.components.SimControl()
_viz_config[_viz_sim_control].shown_time = 0.5
_viz_config[_viz_sim_control].kept_time = 4.0
_viz_config[a].pos=(0.8938195464042075, 0.612340451365323)
_viz_config[a].size=(0.07936507936507937, 0.1)
_viz_config[active].pos=(0.10317460317460318, 0.22000000000000003)
_viz_config[active].size=(0.0634920634920635, 0.08)
_viz_config[clamp].pos=(0.46285400931418563, 0.5012381984212971)
_viz_config[clamp].size=(0.15873015873015875, 0.4)
_viz_config[clamp].expanded=True
_viz_config[clamp].has_layout=True
_viz_config[clamp.active].pos=(0.6502811183726432, 0.11525302515180147)
_viz_config[clamp.active].size=(0.1, 0.1)
_viz_config[clamp.actual].pos=(0.09701492537313433, 0.31081081081081086)
_viz_config[clamp.actual].size=(0.05970149253731343, 0.05405405405405406)
_viz_config[clamp.d_target].pos=(0.3656716417910448, 0.8783783783783784)
_viz_config[clamp.d_target].size=(0.05970149253731343, 0.05405405405405406)
_viz_config[clamp.dq_diff].pos=(0.6343283582089553, 0.8783783783783784)
_viz_config[clamp.dq_diff].size=(0.05970149253731343, 0.05405405405405406)
_viz_config[clamp.nodes[6]].pos=(0.3656716417910448, 0.5)
_viz_config[clamp.nodes[6]].size=(0.05970149253731343, 0.05405405405405406)
_viz_config[clamp.output].pos=(0.785689115129673, 0.8075808878567641)
_viz_config[clamp.output].size=(0.1, 0.1)
_viz_config[clamp.q_diff].pos=(0.3656716417910448, 0.12162162162162163)
_viz_config[clamp.q_diff].size=(0.05970149253731343, 0.05405405405405406)
_viz_config[clamp.target].pos=(0.09701492537313433, 0.6891891891891893)
_viz_config[clamp.target].size=(0.05970149253731343, 0.05405405405405406)
_viz_config[clamp.u].pos=(0.9029850746268657, 0.5)
_viz_config[clamp.u].size=(0.05970149253731343, 0.05405405405405406)
_viz_config[model].pos=(0.2628444895975012, 0.16304347377585762)
_viz_config[model].size=(0.7274414052321377, 0.7274414052321377)
_viz_config[model].expanded=True
_viz_config[model].has_layout=True
_viz_config[target].pos=(0.10317460317460318, 0.78)
_viz_config[target].size=(0.0634920634920635, 0.08)