_viz_0 = nengo_gui.components.HTMLView(plt2)
_viz_config[_viz_0].x = 0.9439333459743634
_viz_config[_viz_0].y = 0.1421301700231
_viz_config[_viz_0].width = 0.20561842879438438
_viz_config[_viz_0].height = 0.2682111981969575
_viz_config[_viz_0].label_visible = False
_viz_1 = nengo_gui.components.Slider(stim)
_viz_config[_viz_1].max_value = 1
_viz_config[_viz_1].min_value = -1
_viz_config[_viz_1].x = 0.16011984425939932
_viz_config[_viz_1].y = 0.7706227537328655
_viz_config[_viz_1].width = 0.05452562704471101
_viz_config[_viz_1].height = 0.12919896640826872
_viz_config[_viz_1].label_visible = True
_viz_2 = nengo_gui.components.Slider(stim2)
_viz_config[_viz_2].max_value = 0.1
_viz_config[_viz_2].min_value = -0.1
_viz_config[_viz_2].x = 0.1909248001645288
_viz_config[_viz_2].y = 0.04084015722526945
_viz_config[_viz_2].width = 0.05608697174087076
_viz_config[_viz_2].height = 0.13289858678650773
_viz_config[_viz_2].label_visible = True
_viz_3 = nengo_gui.components.HTMLView(plt1)
_viz_config[_viz_3].x = 0.978838966963833
_viz_config[_viz_3].y = 0.6650855715325374
_viz_config[_viz_3].width = 0.1942328272370996
_viz_config[_viz_3].height = 0.21564535424992104
_viz_config[_viz_3].label_visible = True
_viz_net_graph = nengo_gui.components.NetGraph()
_viz_progress = nengo_gui.components.Progress()
_viz_config[_viz_progress].x = 0
_viz_config[_viz_progress].y = 0
_viz_config[_viz_progress].width = 100
_viz_config[_viz_progress].height = 100
_viz_config[_viz_progress].label_visible = True
_viz_sim_control = nengo_gui.components.SimControl()
_viz_config[_viz_sim_control].shown_time = 0.5
_viz_config[_viz_sim_control].kept_time = 4.0
_viz_config[ens1].pos=(0.626824258500207, 0.6676601024580615)
_viz_config[ens1].size=(0.1, 0.1)
_viz_config[ens2].pos=(0.6841436411446608, 0.370355871231003)
_viz_config[ens2].size=(0.1, 0.1)
_viz_config[model].pos=(-0.06869145144443889, 0.12380586069849758)
_viz_config[model].size=(0.8926992232395525, 0.8926992232395525)
_viz_config[model].expanded=True
_viz_config[model].has_layout=True
_viz_config[plt1].pos=(0.46931337469684387, 0.8028891941023418)
_viz_config[plt1].size=(0.1, 0.1)
_viz_config[plt2].pos=(0.5078820036048621, 0.05964002824226136)
_viz_config[plt2].size=(0.1, 0.1)
_viz_config[stim].pos=(0.26151069942566824, 0.6429680376033396)
_viz_config[stim].size=(0.1, 0.1)
_viz_config[stim2].pos=(0.277110096054096, 0.3807578928031722)
_viz_config[stim2].size=(0.1, 0.1)