_viz_0 = nengo_gui.components.HTMLView(plt)
_viz_config[_viz_0].x = 0.7232583454281564
_viz_config[_viz_0].y = 0.3198665483821738
_viz_config[_viz_0].width = 0.16084905660377358
_viz_config[_viz_0].height = 0.2169471153846154
_viz_config[_viz_0].label_visible = True
_viz_1 = nengo_gui.components.Slider(stim_xy)
_viz_config[_viz_1].max_value = 1
_viz_config[_viz_1].min_value = -1
_viz_config[_viz_1].x = 0.10249326145552565
_viz_config[_viz_1].y = 0.3536074385683765
_viz_config[_viz_1].width = 0.07028301886792453
_viz_config[_viz_1].height = 0.15925480769230768
_viz_config[_viz_1].label_visible = True
_viz_net_graph = nengo_gui.components.NetGraph()
_viz_progress = nengo_gui.components.Progress()
_viz_config[_viz_progress].x = 0
_viz_config[_viz_progress].y = 0
_viz_config[_viz_progress].width = 100
_viz_config[_viz_progress].height = 100
_viz_config[_viz_progress].label_visible = True
_viz_sim_control = nengo_gui.components.SimControl()
_viz_config[_viz_sim_control].shown_time = 0.5
_viz_config[_viz_sim_control].kept_time = 4.0
_viz_config[model].pos=(0, 0)
_viz_config[model].size=(1.0, 1.0)
_viz_config[model].expanded=True
_viz_config[model].has_layout=True
_viz_config[path].pos=(0.3899046878039292, 0.5506633426109726)
_viz_config[path].size=(0.10309278350515463, 0.22988505747126436)
_viz_config[path].expanded=True
_viz_config[path].has_layout=True
_viz_config[path.input_a].pos=(0.10655737704918032, 0.78)
_viz_config[path.input_a].size=(0.06557377049180327, 0.08)
_viz_config[path.input_b].pos=(0.10655737704918032, 0.22000000000000003)
_viz_config[path.input_b].size=(0.06557377049180327, 0.08)
_viz_config[path.output].pos=(0.8934426229508197, 0.22000000000000003)
_viz_config[path.output].size=(0.06557377049180327, 0.08)
_viz_config[path.output_a].pos=(0.8934426229508197, 0.78)
_viz_config[path.output_a].size=(0.06557377049180327, 0.08)
_viz_config[path.product].pos=(0.49999999999999994, 0.5)
_viz_config[path.product].size=(0.16393442622950818, 0.4)
_viz_config[path.product].expanded=False
_viz_config[path.product].has_layout=True
_viz_config[path.product.A].pos=(0.10655737704918032, 0.7727272727272726)
_viz_config[path.product.A].size=(0.06557377049180327, 0.03636363636363636)
_viz_config[path.product.B].pos=(0.10655737704918032, 0.22727272727272724)
_viz_config[path.product.B].size=(0.06557377049180327, 0.03636363636363636)
_viz_config[path.product.output].pos=(0.8934426229508197, 0.22727272727272724)
_viz_config[path.product.output].size=(0.06557377049180327, 0.03636363636363636)
_viz_config[path.product.output_a].pos=(0.8934426229508197, 0.7727272727272726)
_viz_config[path.product.output_a].size=(0.06557377049180327, 0.03636363636363636)
_viz_config[path.product.sq1].pos=(0.49999999999999994, 0.22727272727272724)
_viz_config[path.product.sq1].size=(0.16393442622950818, 0.1818181818181818)
_viz_config[path.product.sq1].expanded=False
_viz_config[path.product.sq1].has_layout=False
_viz_config[path.product.sq2].pos=(0.49999999999999994, 0.7727272727272726)
_viz_config[path.product.sq2].size=(0.16393442622950818, 0.1818181818181818)
_viz_config[path.product.sq2].expanded=False
_viz_config[path.product.sq2].has_layout=False
_viz_config[plt].pos=(0.9329896907216495, 0.5747126436781609)
_viz_config[plt].size=(0.041237113402061855, 0.04597701149425287)
_viz_config[stim].pos=(0.06701030927835051, 0.896551724137931)
_viz_config[stim].size=(0.041237113402061855, 0.04597701149425287)
_viz_config[stim_xy].pos=(0.15188679245283065, 0.09262609038183447)
_viz_config[stim_xy].size=(0.10297532656023214, 0.045977011494252866)