_viz_0 = nengo_gui.components.HTMLView(plot)
_viz_config[_viz_0].x = 0.7334631264690415
_viz_config[_viz_0].y = 0.6936436128514833
_viz_config[_viz_0].width = 0.22928871569773143
_viz_config[_viz_0].height = 0.2644776073854361
_viz_config[_viz_0].label_visible = True
_viz_net_graph = nengo_gui.components.NetGraph()
_viz_progress = nengo_gui.components.Progress()
_viz_config[_viz_progress].x = 0
_viz_config[_viz_progress].y = 0
_viz_config[_viz_progress].width = 100
_viz_config[_viz_progress].height = 100
_viz_config[_viz_progress].label_visible = True
_viz_sim_control = nengo_gui.components.SimControl()
_viz_config[_viz_sim_control].shown_time = 0.5
_viz_config[_viz_sim_control].kept_time = 4.0
_viz_config[model].pos=(0, 0)
_viz_config[model].size=(1.0, 1.0)
_viz_config[model].expanded=True
_viz_config[model].has_layout=True
_viz_config[plot].pos=(0.5, 0.7096774193548386)
_viz_config[plot].size=(0.3076923076923077, 0.12903225806451613)
_viz_config[som].pos=(0.7685652073939847, 0.23136333109469442)
_viz_config[som].size=(0.12903225806451613, 0.12903225806451613)
_viz_config[stim].pos=(0.21386151977324874, 0.29225431393441964)
_viz_config[stim].size=(0.12903225806451613, 0.12903225806451613)